48
6734 1453
2233 10
5530 1424
401 841
3082 1644
7608 4458
7573 3716
7265 1268
6898 1885
1112 2049
5468 2606
5989 2873
4706 2674
4612 2035
6347 2683
6107 669
7611 5184
7462 3590
7732 4723
5900 3561
4483 3369
6101 1110
5199 2182
1633 2809
4307 2322
675 1006
7555 4819
7541 3981
3177 756
7352 4506
7545 2801
3245 3305
6426 3173
4608 1198
23 2216
7248 3779
7762 4595
7392 2244
3484 2829
6271 2135
4985 140
1916 1569
7280 4899
7509 3239
10 2676
6807 2993
5185 3258
3023 1942

ATT48 dataset : from TSPLIB
Minimum distance = 10628
Minimum Path Sequence : 35 29 42 16 26 18 36 5 27 6 17 43 30 37 7 0 8 39 14 11 10 12 24 13 22 2 21 15 40 33 28 1 25 3 34 44 9 23 41 4 47 38 31 20 46 19 32 45 

Also (1 based)(reversed)
1 8 38 31 44 18 7 28 6 37 19 27 17 43 30 36 46 33 20 47 21 32 39 48 5 42 24 10 45 35 4 26 2 29 34 41 16 22 3 23 14 25 13 11 12 15 40 9